2 0.19471153846153846 0.2644230769230769 0.03125 0.036057692307692304
2 0.29927884615384615 0.6766826923076923 0.0985576923076923 0.07211538461538461
2 0.25 0.8365384615384616 0.09014423076923077 0.03245192307692308
2 0.06370192307692307 0.6862980769230769 0.0889423076923077 0.04326923076923077
2 0.34615384615384615 0.7836538461538461 0.07692307692307693 0.06129807692307692
2 0.46153846153846156 0.3269230769230769 0.036057692307692304 0.03125
2 0.484375 0.2800480769230769 0.037259615384615384 0.019230769230769232
2 0.1971153846153846 0.35096153846153844 0.036057692307692304 0.026442307692307692
2 0.4206730769230769 0.3629807692307692 0.056490384615384616 0.03245192307692308
2 0.5637019230769231 0.4675480769230769 0.027644230769230768 0.040865384615384616
2 0.45072115384615385 0.45913461538461536 0.051682692307692304 0.04326923076923077
2 0.5168269230769231 0.5769230769230769 0.04567307692307692 0.04567307692307692
2 0.27524038461538464 0.28725961538461536 0.04567307692307692 0.04567307692307692
2 0.38221153846153844 0.5516826923076923 0.0673076923076923 0.06850961538461539
2 0.4026442307692308 0.6237980769230769 0.09375 0.04567307692307692
2 0.5673076923076923 0.7704326923076923 0.05889423076923077 0.052884615384615384