1 0.6862980769230769 0.5757211538461539 0.03365384615384615 0.07451923076923077
1 0.6634615384615384 0.515625 0.03125 0.06009615384615385
1 0.7728365384615384 0.640625 0.052884615384615384 0.08413461538461539
1 0.8076923076923077 0.6646634615384616 0.057692307692307696 0.10096153846153846
2 0.14783653846153846 0.4326923076923077 0.04326923076923077 0.036057692307692304
2 0.21875 0.5048076923076923 0.04326923076923077 0.03365384615384615
2 0.24519230769230768 0.45552884615384615 0.04807692307692308 0.052884615384615384
2 0.46875 0.5048076923076923 0.057692307692307696 0.038461538461538464
2 0.055288461538461536 0.6947115384615384 0.10576923076923077 0.06009615384615385
2 0.45552884615384615 0.6598557692307693 0.0889423076923077 0.057692307692307696
2 0.26802884615384615 0.5480769230769231 0.07211538461538461 0.04807692307692308
2 0.12980769230769232 0.5084134615384616 0.07451923076923077 0.04567307692307692
2 0.09495192307692307 0.46634615384615385 0.057692307692307696 0.038461538461538464