2 0.7836538461538461 0.8641826923076923 0.10096153846153846 0.052884615384615384
2 0.6346153846153846 0.5709134615384616 0.055288461538461536 0.052884615384615384
2 0.8353365384615384 0.5504807692307693 0.04567307692307692 0.02403846153846154
1 0.3088942307692308 0.4326923076923077 0.03125 0.07211538461538461
1 0.25721153846153844 0.484375 0.03125 0.06490384615384616
1 0.14783653846153846 0.49759615384615385 0.052884615384615384 0.08413461538461539
1 0.1201923076923077 0.5216346153846154 0.04567307692307692 0.09375
2 0.7512019230769231 0.546875 0.06009615384615385 0.055288461538461536
2 0.8161057692307693 0.6201923076923077 0.0673076923076923 0.057692307692307696
2 0.7127403846153846 0.6069711538461539 0.06971153846153846 0.038461538461538464
2 0.3605769230769231 0.6141826923076923 0.09134615384615384 0.06009615384615385
2 0.6574519230769231 0.7944711538461539 0.07932692307692307 0.052884615384615384
2 0.8088942307692307 0.7908653846153846 0.07692307692307693 0.04807692307692308
2 0.640625 0.5252403846153846 0.06490384615384616 0.055288461538461536
2 0.4387019230769231 0.4879807692307692 0.04807692307692308 0.04567307692307692