2 0.17427884615384615 0.33533653846153844 0.042067307692307696 0.04567307692307692
2 0.18990384615384615 0.8485576923076923 0.06971153846153846 0.03485576923076923
2 0.21995192307692307 0.5925480769230769 0.06850961538461539 0.04326923076923077
2 0.26322115384615385 0.515625 0.06971153846153846 0.052884615384615384
2 0.5192307692307693 0.5961538461538461 0.06370192307692307 0.051682692307692304
2 0.27884615384615385 0.4519230769230769 0.06370192307692307 0.03485576923076923
2 0.3125 0.4206730769230769 0.05048076923076923 0.037259615384615384
2 0.2800480769230769 0.3545673076923077 0.052884615384615384 0.04326923076923077
2 0.42788461538461536 0.328125 0.04326923076923077 0.037259615384615384
2 0.4110576923076923 0.4387019230769231 0.040865384615384616 0.04326923076923077
2 0.44471153846153844 0.28846153846153844 0.036057692307692304 0.036057692307692304
1 0.7103365384615384 0.515625 0.042067307692307696 0.05889423076923077
1 0.7596153846153846 0.5973557692307693 0.052884615384615384 0.06971153846153846
1 0.6442307692307693 0.4891826923076923 0.042067307692307696 0.052884615384615384
1 0.6177884615384616 0.30288461538461536 0.02403846153846154 0.08173076923076923