1 0.6310096153846154 0.6766826923076923 0.04567307692307692 0.05889423076923077
1 0.6502403846153846 0.6129807692307693 0.03485576923076923 0.042067307692307696
1 0.7115384615384616 0.5600961538461539 0.04567307692307692 0.042067307692307696
1 0.7151442307692307 0.5096153846153846 0.042067307692307696 0.04567307692307692
1 0.6850961538461539 0.5348557692307693 0.036057692307692304 0.04567307692307692
2 0.47596153846153844 0.6021634615384616 0.057692307692307696 0.04807692307692308
2 0.40384615384615385 0.5408653846153846 0.07932692307692307 0.052884615384615384
2 0.24278846153846154 0.6394230769230769 0.09254807692307693 0.057692307692307696
2 0.23677884615384615 0.5024038461538461 0.0673076923076923 0.042067307692307696
2 0.038461538461538464 0.4543269230769231 0.057692307692307696 0.056490384615384616
2 0.037259615384615384 0.39783653846153844 0.052884615384615384 0.04567307692307692
2 0.23557692307692307 0.39302884615384615 0.04326923076923077 0.03245192307692308
2 0.21754807692307693 0.34375 0.056490384615384616 0.027644230769230768
2 0.20192307692307693 0.3161057692307692 0.03125 0.021634615384615384
2 0.3641826923076923 0.33774038461538464 0.056490384615384616 0.019230769230769232
2 0.47115384615384615 0.29447115384615385 0.036057692307692304 0.036057692307692304
2 0.14543269230769232 0.3798076923076923 0.037259615384615384 0.027644230769230768