1 0.5913461538461539 0.6995192307692307 0.057692307692307696 0.0673076923076923
1 0.6237980769230769 0.6418269230769231 0.04326923076923077 0.04807692307692308
1 0.6947115384615384 0.6021634615384616 0.052884615384615384 0.05048076923076923
1 0.7079326923076923 0.5540865384615384 0.05048076923076923 0.052884615384615384
1 0.6742788461538461 0.5721153846153846 0.04567307692307692 0.052884615384615384
2 0.45552884615384615 0.5949519230769231 0.0673076923076923 0.06009615384615385
2 0.39783653846153844 0.5204326923076923 0.0889423076923077 0.0673076923076923
2 0.21995192307692307 0.5829326923076923 0.10336538461538461 0.07451923076923077
2 0.24158653846153846 0.44711538461538464 0.07451923076923077 0.055288461538461536
2 0.057692307692307696 0.359375 0.0673076923076923 0.0673076923076923
2 0.06850961538461539 0.30408653846153844 0.06009615384615385 0.055288461538461536
2 0.26322115384615385 0.3401442307692308 0.04807692307692308 0.040865384615384616
2 0.25600961538461536 0.28846153846153844 0.06009615384615385 0.038461538461538464
2 0.24639423076923078 0.25841346153846156 0.036057692307692304 0.028846153846153848
2 0.4014423076923077 0.3125 0.06009615384615385 0.03125
2 0.5144230769230769 0.2932692307692308 0.04326923076923077 0.04326923076923077
2 0.1778846153846154 0.3088942307692308 0.04326923076923077 0.03365384615384615