1 0.6274038461538461 0.2920673076923077 0.028846153846153848 0.05048076923076923
1 0.6045673076923077 0.4326923076923077 0.026442307692307692 0.06009615384615385
1 0.6875 0.41586538461538464 0.036057692307692304 0.038461538461538464
1 0.6983173076923077 0.453125 0.03365384615384615 0.040865384615384616
1 0.6790865384615384 0.5024038461538461 0.028846153846153848 0.055288461538461536
2 0.2980769230769231 0.23076923076923078 0.03125 0.028846153846153848
2 0.15865384615384615 0.1971153846153846 0.028846153846153848 0.028846153846153848
2 0.43149038461538464 0.38221153846153844 0.055288461538461536 0.04326923076923077
2 0.5072115384615384 0.3894230769230769 0.036057692307692304 0.04326923076923077
2 0.3401442307692308 0.296875 0.038461538461538464 0.03125
2 0.18509615384615385 0.2512019230769231 0.04326923076923077 0.03125
2 0.16826923076923078 0.3137019230769231 0.0673076923076923 0.040865384615384616
2 0.4074519230769231 0.45552884615384615 0.0625 0.04326923076923077
2 0.08173076923076923 0.40024038461538464 0.0673076923076923 0.05048076923076923
2 0.23798076923076922 0.4699519230769231 0.0673076923076923 0.05048076923076923
2 0.32091346153846156 0.7391826923076923 0.052884615384615384 0.04807692307692308
2 0.46033653846153844 0.7740384615384616 0.04807692307692308 0.0625
2 0.4579326923076923 0.6850961538461539 0.05048076923076923 0.040865384615384616
2 0.3858173076923077 0.7788461538461539 0.04567307692307692 0.05048076923076923
2 0.15384615384615385 0.6454326923076923 0.0673076923076923 0.05048076923076923
1 0.6298076923076923 0.23197115384615385 0.021634615384615384 0.036057692307692304