2 0.16346153846153846 0.8149038461538461 0.09495192307692307 0.038461538461538464
2 0.3557692307692308 0.5492788461538461 0.04807692307692308 0.04567307692307692
2 0.16105769230769232 0.49759615384615385 0.04326923076923077 0.016826923076923076
1 0.6995192307692307 0.4639423076923077 0.021634615384615384 0.06850961538461539
1 0.7427884615384616 0.5228365384615384 0.021634615384615384 0.06129807692307692
1 0.8485576923076923 0.5528846153846154 0.040865384615384616 0.07932692307692307
1 0.8713942307692307 0.5805288461538461 0.03125 0.0889423076923077
2 0.2439903846153846 0.5072115384615384 0.052884615384615384 0.04807692307692308
2 0.16947115384615385 0.5697115384615384 0.06129807692307692 0.04807692307692308
2 0.27283653846153844 0.5721153846153846 0.0673076923076923 0.027644230769230768
2 0.6201923076923077 0.6346153846153846 0.08413461538461539 0.04807692307692308
2 0.2980769230769231 0.765625 0.07451923076923077 0.040865384615384616
2 0.14903846153846154 0.7391826923076923 0.07211538461538461 0.037259615384615384
2 0.35697115384615385 0.5024038461538461 0.057692307692307696 0.04567307692307692
2 0.5625 0.49759615384615385 0.04326923076923077 0.038461538461538464