1 0.6983173076923077 0.5348557692307693 0.019230769230769232 0.0733173076923077
1 0.6634615384615384 0.4807692307692308 0.020432692307692308 0.057692307692307696
1 0.7956730769230769 0.5805288461538461 0.036057692307692304 0.07932692307692307
1 0.8353365384615384 0.5973557692307693 0.038461538461538464 0.09495192307692307
2 0.14182692307692307 0.5072115384615384 0.037259615384615384 0.030048076923076924
2 0.22596153846153846 0.5637019230769231 0.038461538461538464 0.026442307692307692
2 0.24158653846153846 0.5096153846153846 0.038461538461538464 0.04567307692307692
2 0.4699519230769231 0.5108173076923077 0.052884615384615384 0.027644230769230768
2 0.10576923076923077 0.7824519230769231 0.0985576923076923 0.040865384615384616
2 0.4891826923076923 0.6658653846153846 0.08173076923076923 0.040865384615384616
2 0.2824519230769231 0.5949519230769231 0.06610576923076923 0.03485576923076923
2 0.13942307692307693 0.5853365384615384 0.06850961538461539 0.03245192307692308
2 0.09735576923076923 0.5516826923076923 0.052884615384615384 0.027644230769230768