2 0.3557692307692308 0.6538461538461539 0.0673076923076923 0.04567307692307692
2 0.09134615384615384 0.8365384615384616 0.07692307692307693 0.042067307692307696
2 0.3786057692307692 0.36778846153846156 0.040865384615384616 0.021634615384615384
2 0.47836538461538464 0.41346153846153844 0.03485576923076923 0.052884615384615384
2 0.5288461538461539 0.34615384615384615 0.036057692307692304 0.026442307692307692
2 0.40865384615384615 0.25961538461538464 0.06129807692307692 0.04326923076923077
1 0.7872596153846154 0.6045673076923077 0.0625 0.09014423076923077
1 0.7211538461538461 0.5588942307692307 0.04807692307692308 0.055288461538461536
1 0.6622596153846154 0.6971153846153846 0.037259615384615384 0.07692307692307693
1 0.640625 0.3173076923076923 0.03485576923076923 0.05889423076923077
1 0.6778846153846154 0.48677884615384615 0.036057692307692304 0.04567307692307692
1 0.7463942307692307 0.5192307692307693 0.038461538461538464 0.06129807692307692
2 0.2620192307692308 0.35336538461538464 0.057692307692307696 0.03485576923076923
2 0.3269230769230769 0.4266826923076923 0.040865384615384616 0.037259615384615384
2 0.2439903846153846 0.41586538461538464 0.040865384615384616 0.037259615384615384
2 0.15985576923076922 0.42788461538461536 0.040865384615384616 0.036057692307692304
2 0.18389423076923078 0.5084134615384616 0.04567307692307692 0.038461538461538464
2 0.056490384615384616 0.5096153846153846 0.07211538461538461 0.03485576923076923
2 0.3713942307692308 0.49278846153846156 0.04807692307692308 0.042067307692307696
2 0.4651442307692308 0.5913461538461539 0.06129807692307692 0.04807692307692308