2 0.609375 0.6802884615384616 0.07451923076923077 0.057692307692307696
2 0.8293269230769231 0.9146634615384616 0.08413461538461539 0.057692307692307696
2 0.6466346153846154 0.3954326923076923 0.04326923076923077 0.028846153846153848
2 0.5396634615384616 0.41947115384615385 0.04567307692307692 0.06009615384615385
2 0.5036057692307693 0.34375 0.040865384615384616 0.03365384615384615
2 0.6394230769230769 0.28365384615384615 0.06971153846153846 0.055288461538461536
1 0.1971153846153846 0.5420673076923077 0.07932692307692307 0.10096153846153846
1 0.27163461538461536 0.5120192307692307 0.057692307692307696 0.06490384615384616
1 0.3004807692307692 0.6586538461538461 0.052884615384615384 0.08413461538461539
1 0.40024038461538464 0.2920673076923077 0.04567307692307692 0.06490384615384616
1 0.3293269230769231 0.4495192307692308 0.04567307692307692 0.052884615384615384
1 0.2548076923076923 0.4675480769230769 0.05048076923076923 0.0673076923076923
2 0.7632211538461539 0.40625 0.0625 0.04567307692307692
2 0.6850961538461539 0.4639423076923077 0.04807692307692308 0.04567307692307692
2 0.7680288461538461 0.47115384615384615 0.04807692307692308 0.04567307692307692
2 0.8473557692307693 0.5 0.04807692307692308 0.04326923076923077
2 0.8076923076923077 0.5745192307692307 0.052884615384615384 0.04807692307692308
2 0.9314903846153846 0.6021634615384616 0.07692307692307693 0.04807692307692308
2 0.6274038461538461 0.5192307692307693 0.055288461538461536 0.05048076923076923
2 0.515625 0.5961538461538461 0.06971153846153846 0.06009615384615385