1 0.6009615384615384 0.2776442307692308 0.02403846153846154 0.04807692307692308
1 0.5961538461538461 0.4206730769230769 0.020432692307692308 0.057692307692307696
1 0.6754807692307693 0.3942307692307692 0.03125 0.036057692307692304
1 0.6911057692307693 0.42908653846153844 0.030048076923076924 0.038461538461538464
1 0.6778846153846154 0.4807692307692308 0.021634615384615384 0.052884615384615384
2 0.2668269230769231 0.25721153846153844 0.027644230769230768 0.026442307692307692
2 0.12379807692307693 0.24158653846153846 0.026442307692307692 0.026442307692307692
2 0.4182692307692308 0.3918269230769231 0.051682692307692304 0.036057692307692304
2 0.49399038461538464 0.3894230769230769 0.03125 0.040865384615384616
2 0.3161057692307692 0.31850961538461536 0.036057692307692304 0.026442307692307692
2 0.15745192307692307 0.29086538461538464 0.040865384615384616 0.026442307692307692
2 0.14783653846153846 0.3557692307692308 0.06370192307692307 0.03245192307692308
2 0.4026442307692308 0.4675480769230769 0.057692307692307696 0.037259615384615384
2 0.07211538461538461 0.4519230769230769 0.0625 0.04326923076923077
2 0.23677884615384615 0.5024038461538461 0.06370192307692307 0.042067307692307696
2 0.35096153846153844 0.7596153846153846 0.04807692307692308 0.04326923076923077
2 0.49399038461538464 0.7764423076923077 0.040865384615384616 0.05889423076923077
2 0.4807692307692308 0.6887019230769231 0.04567307692307692 0.03485576923076923
2 0.4206730769230769 0.7908653846153846 0.040865384615384616 0.04567307692307692
2 0.17427884615384615 0.6862980769230769 0.06370192307692307 0.04326923076923077
1 0.5961538461538461 0.21875 0.016826923076923076 0.03485576923076923