2 0.8389423076923077 0.3641826923076923 0.04567307692307692 0.04807692307692308
2 0.7788461538461539 0.8737980769230769 0.07211538461538461 0.040865384615384616
2 0.7704326923076923 0.6165865384615384 0.07211538461538461 0.04807692307692308
2 0.734375 0.5360576923076923 0.07451923076923077 0.057692307692307696
2 0.4723557692307692 0.59375 0.0673076923076923 0.057692307692307696
2 0.7247596153846154 0.47115384615384615 0.0673076923076923 0.040865384615384616
2 0.6935096153846154 0.4375 0.052884615384615384 0.040865384615384616
2 0.7319711538461539 0.3737980769230769 0.055288461538461536 0.04807692307692308
2 0.5865384615384616 0.33533653846153844 0.04567307692307692 0.040865384615384616
2 0.59375 0.44711538461538464 0.04567307692307692 0.04567307692307692
2 0.5733173076923077 0.29447115384615385 0.038461538461538464 0.038461538461538464
1 0.28966346153846156 0.49759615384615385 0.04807692307692308 0.0625
1 0.23317307692307693 0.5745192307692307 0.057692307692307696 0.07451923076923077
1 0.35697115384615385 0.47716346153846156 0.04567307692307692 0.055288461538461536
1 0.40024038461538464 0.2932692307692308 0.03125 0.08413461538461539