2 0.14903846153846154 0.6610576923076923 0.038461538461538464 0.04326923076923077
2 0.34375 0.2824519230769231 0.11298076923076923 0.09134615384615384
2 0.3317307692307692 0.11538461538461539 0.09615384615384616 0.052884615384615384
2 0.11658653846153846 0.21995192307692307 0.09615384615384616 0.0625
2 0.41346153846153844 0.18870192307692307 0.0889423076923077 0.07692307692307693
2 0.4230769230769231 0.6598557692307693 0.04326923076923077 0.038461538461538464
2 0.43509615384615385 0.7103365384615384 0.040865384615384616 0.026442307692307692
2 0.171875 0.5769230769230769 0.040865384615384616 0.03365384615384615
2 0.3918269230769231 0.6153846153846154 0.0625 0.04326923076923077
2 0.5552884615384616 0.5456730769230769 0.036057692307692304 0.04567307692307692
2 0.4423076923076923 0.5288461538461539 0.06009615384615385 0.052884615384615384
2 0.5336538461538461 0.42908653846153844 0.055288461538461536 0.055288461538461536
2 0.23317307692307693 0.65625 0.055288461538461536 0.055288461538461536
2 0.39663461538461536 0.4230769230769231 0.08173076923076923 0.08173076923076923
2 0.4326923076923077 0.35697115384615385 0.10096153846153846 0.06490384615384616
2 0.6262019230769231 0.2512019230769231 0.06971153846153846 0.06490384615384616