2 0.5216346153846154 0.7596153846153846 0.12139423076923077 0.03125
2 0.90625 0.7860576923076923 0.11298076923076923 0.05889423076923077
2 0.18870192307692307 0.8233173076923077 0.1201923076923077 0.05889423076923077
2 0.12740384615384615 0.6129807692307693 0.09254807692307693 0.0889423076923077
2 0.19951923076923078 0.48197115384615385 0.038461538461538464 0.051682692307692304
2 0.5348557692307693 0.5060096153846154 0.07451923076923077 0.03125
2 0.9639423076923077 0.6129807692307693 0.0625 0.037259615384615384
2 0.5793269230769231 0.4387019230769231 0.10096153846153846 0.036057692307692304
2 0.49158653846153844 0.3786057692307692 0.06129807692307692 0.026442307692307692
2 0.3329326923076923 0.3762019230769231 0.05048076923076923 0.010817307692307692
2 0.23076923076923078 0.4074519230769231 0.030048076923076924 0.04326923076923077
2 0.9795673076923077 0.4182692307692308 0.040865384615384616 0.026442307692307692
2 0.8389423076923077 0.3629807692307692 0.040865384615384616 0.03125
2 0.9615384615384616 0.3762019230769231 0.0625 0.02403846153846154
2 0.7223557692307693 0.3245192307692308 0.05889423076923077 0.026442307692307692
2 0.8040865384615384 0.296875 0.0673076923076923 0.025240384615384616
2 0.2932692307692308 0.28365384615384615 0.019230769230769232 0.020432692307692308
2 0.31850961538461536 0.22956730769230768 0.016826923076923076 0.006009615384615385