2 0.5552884615384616 0.38100961538461536 0.06370192307692307 0.04567307692307692
2 0.042067307692307696 0.7608173076923077 0.08173076923076923 0.05889423076923077
2 0.6430288461538461 0.7067307692307693 0.13221153846153846 0.06971153846153846
2 0.10697115384615384 0.6466346153846154 0.15144230769230768 0.0889423076923077
2 0.20793269230769232 0.5408653846153846 0.10336538461538461 0.06610576923076923
2 0.6887019230769231 0.5168269230769231 0.09014423076923077 0.057692307692307696
2 0.3641826923076923 0.4098557692307692 0.06610576923076923 0.04807692307692308
2 0.4807692307692308 0.42427884615384615 0.0625 0.04567307692307692
2 0.06129807692307692 0.3269230769230769 0.06610576923076923 0.04567307692307692
2 0.5877403846153846 0.30408653846153844 0.06610576923076923 0.04567307692307692
2 0.3762019230769231 0.28846153846153844 0.06610576923076923 0.04807692307692308
2 0.7247596153846154 0.32211538461538464 0.06610576923076923 0.04567307692307692