2 0.84375 0.5504807692307693 0.06610576923076923 0.04807692307692308
2 0.6550480769230769 0.7331730769230769 0.12139423076923077 0.0625
2 0.109375 0.6598557692307693 0.1622596153846154 0.06370192307692307
2 0.4266826923076923 0.42908653846153844 0.0625 0.04807692307692308
2 0.31009615384615385 0.4206730769230769 0.06370192307692307 0.04807692307692308
2 0.16105769230769232 0.5504807692307693 0.11538461538461539 0.06129807692307692
2 0.3737980769230769 0.29086538461538464 0.06610576923076923 0.04567307692307692
2 0.5949519230769231 0.30528846153846156 0.06610576923076923 0.04567307692307692
2 0.078125 0.34134615384615385 0.06610576923076923 0.04807692307692308
2 0.703125 0.5336538461538461 0.09014423076923077 0.06129807692307692
2 0.5552884615384616 0.3918269230769231 0.06370192307692307 0.04567307692307692