2 0.15264423076923078 0.49158653846153844 0.07211538461538461 0.055288461538461536
2 0.3173076923076923 0.28725961538461536 0.12740384615384615 0.07692307692307693
2 0.8677884615384616 0.2932692307692308 0.16826923076923078 0.08413461538461539
2 0.5817307692307693 0.5612980769230769 0.0673076923076923 0.055288461538461536
2 0.6983173076923077 0.5552884615384616 0.06971153846153846 0.055288461538461536
2 0.8305288461538461 0.40865384615384615 0.12259615384615384 0.07451923076923077
2 0.6502403846153846 0.6923076923076923 0.07211538461538461 0.052884615384615384
2 0.42908653846153844 0.7043269230769231 0.07211538461538461 0.052884615384615384
2 0.9375 0.6057692307692307 0.07211538461538461 0.055288461538461536
2 0.29447115384615385 0.49158653846153844 0.09615384615384616 0.07211538461538461
2 0.4579326923076923 0.6141826923076923 0.06971153846153846 0.052884615384615384