2 0.3762019230769231 0.31971153846153844 0.06610576923076923 0.04567307692307692
2 0.5841346153846154 0.2668269230769231 0.06610576923076923 0.04567307692307692
2 0.026442307692307692 0.8269230769230769 0.052884615384615384 0.08173076923076923
2 0.6033653846153846 0.8509615384615384 0.12139423076923077 0.04807692307692308
2 0.1971153846153846 0.3449519230769231 0.06610576923076923 0.04567307692307692
2 0.42427884615384615 0.2824519230769231 0.057692307692307696 0.036057692307692304
2 0.6213942307692307 0.33052884615384615 0.06370192307692307 0.04567307692307692
2 0.2956730769230769 0.5384615384615384 0.0985576923076923 0.04567307692307692
2 0.49399038461538464 0.65625 0.11057692307692307 0.052884615384615384
2 0.6466346153846154 0.6502403846153846 0.0889423076923077 0.05048076923076923
2 0.5540865384615384 0.5504807692307693 0.09254807692307693 0.052884615384615384
2 0.328125 0.47115384615384615 0.06610576923076923 0.04567307692307692
2 0.1201923076923077 0.46033653846153844 0.0625 0.04567307692307692
2 0.5480769230769231 0.42427884615384615 0.06610576923076923 0.04567307692307692
2 0.375 0.4026442307692308 0.06610576923076923 0.04807692307692308
2 0.4675480769230769 0.36177884615384615 0.06610576923076923 0.04567307692307692