2 0.8401442307692307 0.6838942307692307 0.06009615384615385 0.052884615384615384
2 0.6021634615384616 0.6153846153846154 0.07451923076923077 0.04807692307692308
2 0.15625 0.33413461538461536 0.055288461538461536 0.0625
2 0.5036057692307693 0.5757211538461539 0.06971153846153846 0.04807692307692308
2 0.9435096153846154 0.41225961538461536 0.11298076923076923 0.055288461538461536
2 0.6478365384615384 0.49278846153846156 0.10096153846153846 0.06971153846153846
2 0.23317307692307693 0.39903846153846156 0.06490384615384616 0.06490384615384616
2 0.8954326923076923 0.6586538461538461 0.06009615384615385 0.04807692307692308
2 0.5204326923076923 0.7524038461538461 0.057692307692307696 0.05048076923076923
2 0.7536057692307693 0.7487980769230769 0.07932692307692307 0.04326923076923077
2 0.8413461538461539 0.23317307692307693 0.11057692307692307 0.06009615384615385
2 0.4495192307692308 0.24759615384615385 0.12740384615384615 0.057692307692307696
2 0.4182692307692308 0.625 0.0673076923076923 0.04326923076923077
2 0.35216346153846156 0.5276442307692307 0.07451923076923077 0.04326923076923077