1 0.9543269230769231 0.49399038461538464 0.026442307692307692 0.0625
2 0.5372596153846154 0.578125 0.06850961538461539 0.03485576923076923
2 0.5841346153846154 0.46274038461538464 0.037259615384615384 0.021634615384615384
2 0.6875 0.47596153846153844 0.05048076923076923 0.036057692307692304
2 0.3449519230769231 0.48677884615384615 0.04326923076923077 0.026442307692307692
2 0.2403846153846154 0.5817307692307693 0.06610576923076923 0.02403846153846154
2 0.640625 0.6730769230769231 0.06850961538461539 0.036057692307692304
2 0.8269230769230769 0.8269230769230769 0.1201923076923077 0.04326923076923077
2 0.6935096153846154 0.6177884615384616 0.07692307692307693 0.036057692307692304
2 0.7836538461538461 0.5973557692307693 0.042067307692307696 0.03245192307692308
2 0.6358173076923077 0.49278846153846156 0.056490384615384616 0.036057692307692304