2 0.30528846153846156 0.29927884615384615 0.06370192307692307 0.04567307692307692
2 0.7848557692307693 0.5 0.09495192307692307 0.05048076923076923
2 0.8461538461538461 0.7043269230769231 0.1141826923076923 0.07451923076923077
2 0.15264423076923078 0.48677884615384615 0.0889423076923077 0.04567307692307692
2 0.5456730769230769 0.30408653846153844 0.06610576923076923 0.04567307692307692
2 0.47836538461538464 0.23557692307692307 0.0625 0.04807692307692308
2 0.5300480769230769 0.5877403846153846 0.11298076923076923 0.06850961538461539
2 0.4651442307692308 0.7043269230769231 0.1201923076923077 0.0625
2 0.31971153846153844 0.6778846153846154 0.0985576923076923 0.06850961538461539
2 0.34375 0.36778846153846156 0.06610576923076923 0.04807692307692308
2 0.17067307692307693 0.4026442307692308 0.06610576923076923 0.04807692307692308
2 0.5612980769230769 0.35336538461538464 0.06610576923076923 0.04567307692307692
2 0.7692307692307693 0.3894230769230769 0.06370192307692307 0.04567307692307692
2 0.5661057692307693 0.44350961538461536 0.07932692307692307 0.057692307692307696