2 0.5096153846153846 0.42908653846153844 0.08413461538461539 0.036057692307692304
2 0.359375 0.4675480769230769 0.05048076923076923 0.036057692307692304
2 0.44471153846153844 0.7439903846153846 0.14903846153846154 0.040865384615384616
2 0.33533653846153844 0.8617788461538461 0.0985576923076923 0.05048076923076923
2 0.22235576923076922 0.5793269230769231 0.06009615384615385 0.0673076923076923
2 0.15865384615384615 0.6670673076923077 0.04326923076923077 0.028846153846153848
2 0.23798076923076922 0.49399038461538464 0.040865384615384616 0.04807692307692308
2 0.32091346153846156 0.2848557692307692 0.026442307692307692 0.016826923076923076
2 0.328125 0.234375 0.021634615384615384 0.02403846153846154
2 0.8653846153846154 0.33413461538461536 0.12259615384615384 0.06971153846153846
2 0.9423076923076923 0.5877403846153846 0.11298076923076923 0.0673076923076923
2 0.8389423076923077 0.7572115384615384 0.12259615384615384 0.04567307692307692
2 0.6490384615384616 0.49399038461538464 0.09615384615384616 0.04567307692307692
2 0.6009615384615384 0.3858173076923077 0.0985576923076923 0.026442307692307692
2 0.4182692307692308 0.37740384615384615 0.08173076923076923 0.028846153846153848
2 0.7560096153846154 0.2776442307692308 0.07692307692307693 0.03125