2 0.4807692307692308 0.6574519230769231 0.11298076923076923 0.046875
2 0.6069711538461539 0.5829326923076923 0.0985576923076923 0.046875
2 0.9314903846153846 0.5877403846153846 0.09014423076923077 0.04807692307692308
2 0.8425480769230769 0.43028846153846156 0.05889423076923077 0.021634615384615384
2 0.6598557692307693 0.4230769230769231 0.08173076923076923 0.027644230769230768
2 0.5372596153846154 0.4723557692307692 0.09735576923076923 0.040865384615384616
2 0.16346153846153846 0.5264423076923077 0.11298076923076923 0.03485576923076923
2 0.2980769230769231 0.6394230769230769 0.09014423076923077 0.026442307692307692
2 0.17908653846153846 0.7331730769230769 0.0889423076923077 0.07211538461538461
2 0.038461538461538464 0.6141826923076923 0.07692307692307693 0.05048076923076923
2 0.14302884615384615 0.8485576923076923 0.12620192307692307 0.046875
2 0.1201923076923077 0.34134615384615385 0.09375 0.020432692307692308
2 0.296875 0.34134615384615385 0.09975961538461539 0.030048076923076924
2 0.5276442307692307 0.32211538461538464 0.0625 0.026442307692307692
2 0.7259615384615384 0.3798076923076923 0.2644230769230769 0.046875
2 0.4807692307692308 0.22355769230769232 0.16346153846153846 0.021634615384615384