2 0.5324519230769231 0.44711538461538464 0.056490384615384616 0.037259615384615384
2 0.6947115384615384 0.5588942307692307 0.055288461538461536 0.040865384615384616
1 0.9050480769230769 0.4807692307692308 0.04807692307692308 0.0673076923076923
2 0.2512019230769231 0.49399038461538464 0.052884615384615384 0.021634615384615384
2 0.6622596153846154 0.47115384615384615 0.06850961538461539 0.036057692307692304
2 0.7992788461538461 0.5552884615384616 0.04807692307692308 0.04807692307692308
2 0.4735576923076923 0.5432692307692307 0.07211538461538461 0.04807692307692308
2 0.2403846153846154 0.5637019230769231 0.052884615384615384 0.04326923076923077
2 0.6706730769230769 0.5997596153846154 0.08413461538461539 0.04567307692307692
2 0.5432692307692307 0.640625 0.0985576923076923 0.05048076923076923
2 0.8413461538461539 0.7884615384615384 0.1045673076923077 0.0673076923076923
2 0.6706730769230769 0.7716346153846154 0.11057692307692307 0.0625
2 0.12620192307692307 0.8137019230769231 0.11538461538461539 0.05889423076923077