2 0.41586538461538464 0.7019230769230769 0.07451923076923077 0.057692307692307696
2 0.6310096153846154 0.7103365384615384 0.07451923076923077 0.057692307692307696
2 0.016826923076923076 0.27884615384615385 0.03365384615384615 0.09134615384615384
2 0.5276442307692307 0.13581730769230768 0.12980769230769232 0.07211538461538461
2 0.23557692307692307 0.7151442307692307 0.07451923076923077 0.057692307692307696
2 0.47115384615384615 0.7283653846153846 0.06490384615384616 0.04807692307692308
2 0.6538461538461539 0.640625 0.07211538461538461 0.057692307692307696
2 0.2920673076923077 0.5048076923076923 0.10576923076923077 0.06490384615384616
2 0.46153846153846156 0.3485576923076923 0.1201923076923077 0.07451923076923077
2 0.6117788461538461 0.32211538461538464 0.0985576923076923 0.0673076923076923
2 0.5420673076923077 0.43990384615384615 0.10096153846153846 0.07211538461538461
2 0.33774038461538464 0.5637019230769231 0.07451923076923077 0.057692307692307696
2 0.13701923076923078 0.6177884615384616 0.06971153846153846 0.057692307692307696
2 0.5625 0.5637019230769231 0.07451923076923077 0.057692307692307696
2 0.39783653846153844 0.6213942307692307 0.07451923076923077 0.06009615384615385
2 0.4963942307692308 0.6418269230769231 0.07451923076923077 0.057692307692307696