2 0.1778846153846154 0.6826923076923077 0.11057692307692307 0.11057692307692307
2 0.23677884615384615 0.4987980769230769 0.10817307692307693 0.08413461538461539
2 0.28966346153846156 0.8737980769230769 0.11298076923076923 0.07692307692307693
2 0.546875 0.7463942307692307 0.1346153846153846 0.07211538461538461
2 0.9314903846153846 0.7127403846153846 0.10817307692307693 0.06971153846153846
2 0.9699519230769231 0.5228365384615384 0.06009615384615385 0.06971153846153846
2 0.5612980769230769 0.4891826923076923 0.11298076923076923 0.055288461538461536
2 0.5612980769230769 0.421875 0.1346153846153846 0.07211538461538461
2 0.5060096153846154 0.3786057692307692 0.07451923076923077 0.038461538461538464
2 0.3269230769230769 0.4026442307692308 0.055288461538461536 0.036057692307692304
2 0.71875 0.28365384615384615 0.06971153846153846 0.03125
2 0.8533653846153846 0.2920673076923077 0.18509615384615385 0.07211538461538461
2 0.9086538461538461 0.3389423076923077 0.125 0.057692307692307696
2 0.6430288461538461 0.19230769230769232 0.055288461538461536 0.040865384615384616
2 0.6442307692307693 0.22235576923076922 0.06971153846153846 0.03365384615384615
2 0.7391826923076923 0.24278846153846154 0.057692307692307696 0.028846153846153848