2 0.7295673076923077 0.3401442307692308 0.07211538461538461 0.057692307692307696
2 0.21995192307692307 0.44591346153846156 0.10336538461538461 0.0673076923076923
2 0.12139423076923077 0.6346153846153846 0.12740384615384615 0.09375
2 0.84375 0.5528846153846154 0.09615384615384616 0.0625
2 0.49278846153846156 0.29927884615384615 0.07451923076923077 0.057692307692307696
2 0.5721153846153846 0.2439903846153846 0.06971153846153846 0.06009615384615385
2 0.4543269230769231 0.5805288461538461 0.125 0.0889423076923077
2 0.4951923076923077 0.7067307692307693 0.12980769230769232 0.08413461538461539
2 0.6430288461538461 0.7091346153846154 0.11057692307692307 0.08653846153846154
2 0.6790865384615384 0.40024038461538464 0.07451923076923077 0.06009615384615385
2 0.8413461538461539 0.4675480769230769 0.07451923076923077 0.06009615384615385
2 0.4675480769230769 0.3449519230769231 0.07451923076923077 0.057692307692307696
2 0.25721153846153844 0.3401442307692308 0.07211538461538461 0.057692307692307696
2 0.44591346153846156 0.43149038461538464 0.0889423076923077 0.07211538461538461