2 0.4483173076923077 0.6213942307692307 0.06490384615384616 0.04807692307692308
2 0.9483173076923077 0.22355769230769232 0.08413461538461539 0.0625
2 0.34975961538461536 0.2980769230769231 0.1346153846153846 0.07451923076923077
2 0.8882211538461539 0.3401442307692308 0.15384615384615385 0.09375
2 0.7908653846153846 0.4495192307692308 0.10576923076923077 0.06971153846153846
2 0.3112980769230769 0.4891826923076923 0.09134615384615384 0.06009615384615385
2 0.6394230769230769 0.5853365384615384 0.0673076923076923 0.05048076923076923
2 0.5216346153846154 0.5745192307692307 0.06490384615384616 0.04807692307692308
2 0.9447115384615384 0.6574519230769231 0.0673076923076923 0.04807692307692308
2 0.41947115384615385 0.6983173076923077 0.0673076923076923 0.04807692307692308
2 0.6310096153846154 0.7067307692307693 0.0673076923076923 0.05048076923076923
2 0.28125 0.6850961538461539 0.0673076923076923 0.04807692307692308