2 0.4795673076923077 0.7043269230769231 0.140625 0.04807692307692308
2 0.31490384615384615 0.6838942307692307 0.1201923076923077 0.0625
2 0.5384615384615384 0.6021634615384616 0.13701923076923078 0.06129807692307692
2 0.8473557692307693 0.7043269230769231 0.09014423076923077 0.06129807692307692
2 0.7848557692307693 0.5012019230769231 0.08653846153846154 0.046875
2 0.1502403846153846 0.4891826923076923 0.09014423076923077 0.037259615384615384
2 0.17307692307692307 0.41586538461538464 0.08653846153846154 0.037259615384615384
2 0.33052884615384615 0.3713942307692308 0.0985576923076923 0.030048076923076924
2 0.5721153846153846 0.44350961538461536 0.10336538461538461 0.03125
2 0.5805288461538461 0.35096153846153844 0.11057692307692307 0.037259615384615384
2 0.546875 0.3088942307692308 0.07451923076923077 0.026442307692307692
2 0.2980769230769231 0.2932692307692308 0.08173076923076923 0.019230769230769232
2 0.2692307692307692 0.2283653846153846 0.03125 0.026442307692307692
2 0.3473557692307692 0.2247596153846154 0.051682692307692304 0.025240384615384616
2 0.4651442307692308 0.2403846153846154 0.0829326923076923 0.03245192307692308