2 0.46153846153846156 0.6538461538461539 0.11778846153846154 0.06009615384615385
2 0.5961538461538461 0.5949519230769231 0.10336538461538461 0.057692307692307696
2 0.9170673076923077 0.6394230769230769 0.09615384615384616 0.057692307692307696
2 0.8485576923076923 0.4723557692307692 0.06009615384615385 0.028846153846153848
2 0.6682692307692307 0.44350961538461536 0.08413461538461539 0.038461538461538464
2 0.5408653846153846 0.47716346153846156 0.10096153846153846 0.052884615384615384
2 0.1622596153846154 0.4855769230769231 0.11538461538461539 0.04807692307692308
2 0.2824519230769231 0.6141826923076923 0.09375 0.036057692307692304
2 0.15264423076923078 0.6923076923076923 0.09615384615384616 0.08173076923076923
2 0.03365384615384615 0.5564903846153846 0.0673076923076923 0.06009615384615385
2 0.10336538461538461 0.8028846153846154 0.12980769230769232 0.0625
2 0.14182692307692307 0.2956730769230769 0.09615384615384616 0.03125
2 0.3173076923076923 0.3173076923076923 0.10336538461538461 0.040865384615384616
2 0.5492788461538461 0.3269230769230769 0.06490384615384616 0.03365384615384615
2 0.7391826923076923 0.40865384615384615 0.2692307692307692 0.07932692307692307
2 0.5144230769230769 0.22355769230769232 0.1658653846153846 0.040865384615384616