2 0.7740384615384616 0.5132211538461539 0.13221153846153846 0.05048076923076923
2 0.8954326923076923 0.6081730769230769 0.1658653846153846 0.07211538461538461
2 0.953125 0.7139423076923077 0.09375 0.0625
2 0.3786057692307692 0.7211538461538461 0.14182692307692307 0.08653846153846154
2 0.30649038461538464 0.5504807692307693 0.11298076923076923 0.057692307692307696
2 0.5649038461538461 0.4182692307692308 0.20192307692307693 0.06971153846153846
2 0.43990384615384615 0.390625 0.0673076923076923 0.026442307692307692
2 0.3918269230769231 0.3137019230769231 0.05048076923076923 0.016826923076923076
2 0.6021634615384616 0.27283653846153844 0.07692307692307693 0.03365384615384615
2 0.9182692307692307 0.2848557692307692 0.06490384615384616 0.028846153846153848
2 0.6334134615384616 0.22596153846153846 0.04807692307692308 0.028846153846153848