2 0.5168269230769231 0.2403846153846154 0.12259615384615384 0.03365384615384615
2 0.9014423076923077 0.20673076923076922 0.11298076923076923 0.06009615384615385
2 0.18269230769230768 0.18269230769230768 0.1201923076923077 0.06009615384615385
2 0.125 0.39302884615384615 0.09375 0.09134615384615384
2 0.19951923076923078 0.5228365384615384 0.038461538461538464 0.052884615384615384
2 0.5348557692307693 0.49278846153846156 0.07451923076923077 0.03365384615384615
2 0.9615384615384616 0.3786057692307692 0.0625 0.038461538461538464
2 0.5805288461538461 0.5600961538461539 0.10096153846153846 0.038461538461538464
2 0.49399038461538464 0.6213942307692307 0.0625 0.026442307692307692
2 0.33533653846153844 0.6262019230769231 0.05048076923076923 0.01201923076923077
2 0.23197115384615385 0.5973557692307693 0.03125 0.04326923076923077
2 0.9795673076923077 0.5733173076923077 0.040865384615384616 0.026442307692307692
2 0.8413461538461539 0.6310096153846154 0.040865384615384616 0.03125
2 0.9639423076923077 0.6153846153846154 0.0625 0.02403846153846154
2 0.7259615384615384 0.671875 0.06009615384615385 0.026442307692307692
2 0.8076923076923077 0.6983173076923077 0.0673076923076923 0.026442307692307692
2 0.296875 0.7199519230769231 0.019230769230769232 0.021634615384615384
2 0.3233173076923077 0.7740384615384616 0.016826923076923076 0.007211538461538462