1 0.9507211538461539 0.5528846153846154 0.03365384615384615 0.06490384615384616
2 0.5456730769230769 0.4266826923076923 0.07211538461538461 0.040865384615384616
2 0.5793269230769231 0.5456730769230769 0.038461538461538464 0.026442307692307692
2 0.6838942307692307 0.5432692307692307 0.052884615384615384 0.040865384615384616
2 0.3449519230769231 0.4963942307692308 0.04567307692307692 0.03125
2 0.25 0.3918269230769231 0.0673076923076923 0.03125
2 0.6574519230769231 0.3425480769230769 0.07211538461538461 0.04326923076923077
2 0.859375 0.2091346153846154 0.125 0.055288461538461536
2 0.7043269230769231 0.4026442307692308 0.07932692307692307 0.04326923076923077
2 0.7920673076923077 0.4326923076923077 0.04567307692307692 0.036057692307692304
2 0.6346153846153846 0.5216346153846154 0.06009615384615385 0.040865384615384616