2 0.5120192307692307 0.42908653846153844 0.0829326923076923 0.03245192307692308
2 0.3605769230769231 0.46274038461538464 0.05048076923076923 0.03485576923076923
2 0.4362980769230769 0.7415865384615384 0.14903846153846154 0.036057692307692304
2 0.3233173076923077 0.8557692307692307 0.09735576923076923 0.04807692307692308
2 0.21995192307692307 0.5697115384615384 0.05889423076923077 0.06610576923076923
2 0.15264423076923078 0.6550480769230769 0.04326923076923077 0.027644230769230768
2 0.23798076923076922 0.484375 0.038461538461538464 0.046875
2 0.328125 0.27884615384615385 0.025240384615384616 0.016826923076923076
2 0.33774038461538464 0.2283653846153846 0.020432692307692308 0.02403846153846154
2 0.8713942307692307 0.3473557692307692 0.12139423076923077 0.06610576923076923
2 0.9387019230769231 0.6033653846153846 0.11057692307692307 0.06370192307692307
2 0.8293269230769231 0.7692307692307693 0.12139423076923077 0.040865384615384616
2 0.6490384615384616 0.4987980769230769 0.09495192307692307 0.04326923076923077
2 0.6045673076923077 0.3894230769230769 0.09735576923076923 0.02403846153846154
2 0.4230769230769231 0.375 0.08173076923076923 0.025240384615384616
2 0.7632211538461539 0.28725961538461536 0.07692307692307693 0.027644230769230768