2 0.8461538461538461 0.328125 0.057692307692307696 0.05048076923076923
2 0.6057692307692307 0.38822115384615385 0.0733173076923077 0.04567307692307692
2 0.1502403846153846 0.6538461538461539 0.052884615384615384 0.06129807692307692
2 0.5060096153846154 0.42427884615384615 0.0673076923076923 0.04567307692307692
2 0.9423076923076923 0.6033653846153846 0.11538461538461539 0.05048076923076923
2 0.6478365384615384 0.5120192307692307 0.0985576923076923 0.0673076923076923
2 0.22956730769230768 0.5913461538461539 0.0625 0.06370192307692307
2 0.9002403846153846 0.3557692307692308 0.057692307692307696 0.04567307692307692
2 0.5288461538461539 0.24879807692307693 0.055288461538461536 0.04807692307692308
2 0.7620192307692307 0.25961538461538464 0.07692307692307693 0.040865384615384616
2 0.8317307692307693 0.7788461538461539 0.10817307692307693 0.055288461538461536
2 0.4411057692307692 0.75 0.125 0.052884615384615384
2 0.4230769230769231 0.37259615384615385 0.06610576923076923 0.042067307692307696
2 0.35336538461538464 0.4675480769230769 0.07211538461538461 0.040865384615384616