2 0.47596153846153844 0.7043269230769231 0.14182692307692307 0.05048076923076923
2 0.3112980769230769 0.6802884615384616 0.1201923076923077 0.06490384615384616
2 0.5372596153846154 0.6033653846153846 0.13701923076923078 0.0625
2 0.84375 0.7103365384615384 0.09134615384615384 0.0625
2 0.7848557692307693 0.5060096153846154 0.08653846153846154 0.04807692307692308
2 0.1502403846153846 0.4831730769230769 0.09134615384615384 0.038461538461538464
2 0.17427884615384615 0.4098557692307692 0.08653846153846154 0.038461538461538464
2 0.3329326923076923 0.36899038461538464 0.0985576923076923 0.03125
2 0.5733173076923077 0.44471153846153844 0.10336538461538461 0.03365384615384615
2 0.5829326923076923 0.35216346153846156 0.11057692307692307 0.038461538461538464
2 0.5504807692307693 0.31009615384615385 0.07451923076923077 0.028846153846153848
2 0.3016826923076923 0.28966346153846156 0.08173076923076923 0.021634615384615384
2 0.27403846153846156 0.2247596153846154 0.03125 0.026442307692307692
2 0.35216346153846156 0.22235576923076922 0.052884615384615384 0.026442307692307692
2 0.4699519230769231 0.2403846153846154 0.08413461538461539 0.03365384615384615