2 0.2776442307692308 0.32572115384615385 0.0985576923076923 0.036057692307692304
2 0.4254807692307692 0.31971153846153844 0.078125 0.021634615384615384
2 0.5276442307692307 0.29447115384615385 0.036057692307692304 0.026442307692307692
2 0.6466346153846154 0.2403846153846154 0.16706730769230768 0.020432692307692308
2 0.8040865384615384 0.3545673076923077 0.21754807692307693 0.040865384615384616
2 0.6502403846153846 0.3870192307692308 0.0829326923076923 0.027644230769230768
2 0.8473557692307693 0.4098557692307692 0.08774038461538461 0.027644230769230768
2 0.6935096153846154 0.44471153846153844 0.109375 0.037259615384615384
2 0.19951923076923078 0.4699519230769231 0.0673076923076923 0.021634615384615384
2 0.27524038461538464 0.59375 0.14903846153846154 0.056490384615384616
2 0.23317307692307693 0.6730769230769231 0.1045673076923077 0.06370192307692307
2 0.47475961538461536 0.5973557692307693 0.09735576923076923 0.036057692307692304
2 0.6550480769230769 0.6310096153846154 0.1045673076923077 0.04567307692307692
2 0.5865384615384616 0.5192307692307693 0.1045673076923077 0.04326923076923077
2 0.9266826923076923 0.5492788461538461 0.07451923076923077 0.04567307692307692
2 0.4338942307692308 0.7980769230769231 0.10817307692307693 0.04326923076923077