2 0.7079326923076923 0.31971153846153844 0.07211538461538461 0.04567307692307692
2 0.4951923076923077 0.5072115384615384 0.08173076923076923 0.042067307692307696
2 0.5757211538461539 0.44471153846153844 0.0733173076923077 0.04567307692307692
2 0.4675480769230769 0.38221153846153844 0.06850961538461539 0.04807692307692308
2 0.23076923076923078 0.41586538461538464 0.036057692307692304 0.04567307692307692
2 0.8653846153846154 0.36899038461538464 0.04326923076923077 0.056490384615384616
2 0.31009615384615385 0.37740384615384615 0.055288461538461536 0.036057692307692304
2 0.96875 0.41466346153846156 0.0625 0.055288461538461536
2 0.8004807692307693 0.2920673076923077 0.055288461538461536 0.025240384615384616
2 0.2824519230769231 0.27884615384615385 0.037259615384615384 0.04807692307692308
2 0.6526442307692307 0.1935096153846154 0.0625 0.036057692307692304
2 0.5745192307692307 0.27163461538461536 0.07211538461538461 0.019230769230769232
2 0.12379807692307693 0.5961538461538461 0.0673076923076923 0.04567307692307692
2 0.5492788461538461 0.7620192307692307 0.15144230769230768 0.04807692307692308
2 0.9326923076923077 0.796875 0.09975961538461539 0.052884615384615384