2 0.2283653846153846 0.5420673076923077 0.12980769230769232 0.037259615384615384
2 0.11778846153846154 0.6490384615384616 0.15985576923076922 0.055288461538461536
2 0.057692307692307696 0.7632211538461539 0.11538461538461539 0.051682692307692304
2 0.6442307692307693 0.7067307692307693 0.13581730769230768 0.0733173076923077
2 0.6983173076923077 0.5300480769230769 0.109375 0.04567307692307692
2 0.4266826923076923 0.4254807692307692 0.1971153846153846 0.05048076923076923
2 0.5480769230769231 0.38461538461538464 0.06610576923076923 0.020432692307692308
2 0.5877403846153846 0.30288461538461536 0.05048076923076923 0.01201923076923077
2 0.375 0.2848557692307692 0.07451923076923077 0.025240384615384616
2 0.06129807692307692 0.3293269230769231 0.06370192307692307 0.021634615384615384
2 0.3389423076923077 0.24158653846153846 0.046875 0.02403846153846154