2 0.5348557692307693 0.6694711538461539 0.12259615384615384 0.06971153846153846
2 0.3942307692307692 0.6694711538461539 0.11538461538461539 0.057692307692307696
2 0.36899038461538464 0.5769230769230769 0.09134615384615384 0.04807692307692308
2 0.6033653846153846 0.5576923076923077 0.125 0.04326923076923077
2 0.7163461538461539 0.4795673076923077 0.06971153846153846 0.038461538461538464
2 0.9290865384615384 0.4735576923076923 0.07451923076923077 0.04326923076923077
2 0.9627403846153846 0.40384615384615385 0.06971153846153846 0.03365384615384615
2 0.8497596153846154 0.359375 0.06009615384615385 0.019230769230769232
2 0.5757211538461539 0.41586538461538464 0.10096153846153846 0.055288461538461536
2 0.3918269230769231 0.4411057692307692 0.0889423076923077 0.038461538461538464
2 0.3317307692307692 0.34975961538461536 0.057692307692307696 0.036057692307692304
2 0.5709134615384616 0.3425480769230769 0.08173076923076923 0.08173076923076923
2 0.6394230769230769 0.2800480769230769 0.07692307692307693 0.036057692307692304
2 0.38100961538461536 0.296875 0.0673076923076923 0.038461538461538464