2 0.6358173076923077 0.19230769230769232 0.06490384615384616 0.0673076923076923
2 0.7860576923076923 0.2932692307692308 0.03365384615384615 0.04567307692307692
2 0.7283653846153846 0.2247596153846154 0.057692307692307696 0.036057692307692304
2 0.7103365384615384 0.28125 0.08173076923076923 0.06009615384615385
2 0.5084134615384616 0.38822115384615385 0.04567307692307692 0.04326923076923077
2 0.49759615384615385 0.27524038461538464 0.04807692307692308 0.04807692307692308
2 0.9423076923076923 0.7043269230769231 0.11538461538461539 0.08653846153846154
2 0.1778846153846154 0.6646634615384616 0.057692307692307696 0.06009615384615385
2 0.5637019230769231 0.49399038461538464 0.09615384615384616 0.06490384615384616
2 0.24519230769230768 0.4735576923076923 0.038461538461538464 0.04326923076923077
2 0.5408653846153846 0.4266826923076923 0.0889423076923077 0.05048076923076923
2 0.30528846153846156 0.8834134615384616 0.10576923076923077 0.08173076923076923
2 0.5612980769230769 0.7475961538461539 0.12740384615384615 0.07692307692307693
2 0.9711538461538461 0.5168269230769231 0.057692307692307696 0.0625