2 0.7175480769230769 0.6694711538461539 0.07451923076923077 0.05048076923076923
2 0.4951923076923077 0.49278846153846156 0.08413461538461539 0.04567307692307692
2 0.578125 0.5516826923076923 0.07451923076923077 0.05048076923076923
2 0.4735576923076923 0.6189903846153846 0.07211538461538461 0.05048076923076923
2 0.23557692307692307 0.5985576923076923 0.038461538461538464 0.04807692307692308
2 0.8713942307692307 0.6117788461538461 0.04567307692307692 0.057692307692307696
2 0.3173076923076923 0.6322115384615384 0.057692307692307696 0.038461538461538464
2 0.9699519230769231 0.5600961538461539 0.06009615384615385 0.057692307692307696
2 0.8112980769230769 0.6923076923076923 0.057692307692307696 0.028846153846153848
2 0.29447115384615385 0.7319711538461539 0.040865384615384616 0.05048076923076923
2 0.6682692307692307 0.7980769230769231 0.06490384615384616 0.038461538461538464
2 0.5865384615384616 0.7235576923076923 0.07211538461538461 0.02403846153846154
2 0.11899038461538461 0.4230769230769231 0.06971153846153846 0.04807692307692308
2 0.5360576923076923 0.23557692307692307 0.15384615384615385 0.055288461538461536
2 0.9170673076923077 0.18028846153846154 0.10336538461538461 0.057692307692307696