2 0.14903846153846154 0.6177884615384616 0.09495192307692307 0.09495192307692307
2 0.24158653846153846 0.4483173076923077 0.0985576923076923 0.06610576923076923
2 0.22235576923076922 0.8269230769230769 0.1045673076923077 0.057692307692307696
2 0.4987980769230769 0.7512019230769231 0.12860576923076922 0.04807692307692308
2 0.8834134615384616 0.7908653846153846 0.10096153846153846 0.05048076923076923
2 0.9651442307692307 0.6141826923076923 0.06850961538461539 0.056490384615384616
2 0.5625 0.5012019230769231 0.109375 0.03485576923076923
2 0.5745192307692307 0.43509615384615385 0.12860576923076922 0.04807692307692308
2 0.5288461538461539 0.38221153846153844 0.06971153846153846 0.026442307692307692
2 0.3485576923076923 0.3713942307692308 0.05048076923076923 0.026442307692307692
2 0.7560096153846154 0.3293269230769231 0.06610576923076923 0.019230769230769232
2 0.8870192307692307 0.3629807692307692 0.18028846153846154 0.037259615384615384
2 0.9314903846153846 0.41947115384615385 0.12139423076923077 0.036057692307692304
2 0.6995192307692307 0.2247596153846154 0.05048076923076923 0.03245192307692308
2 0.6947115384615384 0.2548076923076923 0.06610576923076923 0.021634615384615384
2 0.7836538461538461 0.2932692307692308 0.055288461538461536 0.019230769230769232