2 0.6081730769230769 0.44591346153846156 0.06610576923076923 0.04807692307692308
2 0.0829326923076923 0.45913461538461536 0.06610576923076923 0.04567307692307692
2 0.2860576923076923 0.46634615384615385 0.0625 0.04567307692307692
2 0.3701923076923077 0.5540865384615384 0.08774038461538461 0.06129807692307692
2 0.6237980769230769 0.5721153846153846 0.11298076923076923 0.05889423076923077
2 0.6105769230769231 0.6706730769230769 0.11057692307692307 0.0625
2 0.44471153846153844 0.6694711538461539 0.10817307692307693 0.06129807692307692
2 0.42427884615384615 0.23677884615384615 0.06370192307692307 0.036057692307692304
2 0.1502403846153846 0.33774038461538464 0.06610576923076923 0.04567307692307692
2 0.4423076923076923 0.3233173076923077 0.06610576923076923 0.03485576923076923
2 0.4423076923076923 0.36658653846153844 0.0625 0.036057692307692304
2 0.43028846153846156 0.4098557692307692 0.06370192307692307 0.04807692307692308