2 0.3858173076923077 0.5408653846153846 0.07211538461538461 0.055288461538461536
2 0.9086538461538461 0.5913461538461539 0.07211538461538461 0.052884615384615384
2 0.7079326923076923 0.5588942307692307 0.0673076923076923 0.052884615384615384
2 0.6358173076923077 0.46153846153846156 0.09375 0.07211538461538461
2 0.3858173076923077 0.41346153846153844 0.1201923076923077 0.07211538461538461
2 0.4110576923076923 0.3173076923076923 0.11778846153846154 0.07451923076923077
2 0.5757211538461539 0.3389423076923077 0.11538461538461539 0.07451923076923077
2 0.5432692307692307 0.7704326923076923 0.0673076923076923 0.04326923076923077
2 0.8269230769230769 0.703125 0.07211538461538461 0.052884615384615384
2 0.5360576923076923 0.6826923076923077 0.06971153846153846 0.04326923076923077
2 0.5408653846153846 0.6394230769230769 0.0673076923076923 0.04326923076923077
2 0.5576923076923077 0.5985576923076923 0.06971153846153846 0.055288461538461536