2 0.5252403846153846 0.5564903846153846 0.06009615384615385 0.04567307692307692
2 0.7007211538461539 0.46875 0.06009615384615385 0.04807692307692308
1 0.8978365384615384 0.5757211538461539 0.057692307692307696 0.07451923076923077
2 0.25240384615384615 0.47115384615384615 0.055288461538461536 0.028846153846153848
2 0.65625 0.5516826923076923 0.07211538461538461 0.04567307692307692
2 0.8040865384615384 0.48677884615384615 0.055288461538461536 0.055288461538461536
2 0.4795673076923077 0.453125 0.07692307692307693 0.057692307692307696
2 0.2512019230769231 0.40024038461538464 0.057692307692307696 0.05048076923076923
2 0.6826923076923077 0.4254807692307692 0.0889423076923077 0.057692307692307696
2 0.5625 0.36658653846153844 0.10576923076923077 0.06490384615384616
2 0.8786057692307693 0.2620192307692308 0.11298076923076923 0.08173076923076923
2 0.7067307692307693 0.2548076923076923 0.11778846153846154 0.07692307692307693
2 0.17307692307692307 0.13701923076923078 0.12259615384615384 0.07451923076923077