2 0.7019230769230769 0.23076923076923078 0.052884615384615384 0.057692307692307696
2 0.8257211538461539 0.3629807692307692 0.02403846153846154 0.040865384615384616
2 0.7848557692307693 0.28365384615384615 0.052884615384615384 0.02403846153846154
2 0.7536057692307693 0.33413461538461536 0.0733173076923077 0.04567307692307692
2 0.5336538461538461 0.39302884615384615 0.038461538461538464 0.036057692307692304
2 0.5480769230769231 0.2800480769230769 0.040865384615384616 0.040865384615384616
2 0.8870192307692307 0.8004807692307693 0.10817307692307693 0.06370192307692307
2 0.14903846153846154 0.5877403846153846 0.04807692307692308 0.05048076923076923
2 0.5637019230769231 0.5084134615384616 0.08774038461538461 0.04567307692307692
2 0.25721153846153844 0.4170673076923077 0.030048076923076924 0.037259615384615384
2 0.5564903846153846 0.4375 0.08413461538461539 0.03125
2 0.22355769230769232 0.8293269230769231 0.09375 0.0625
2 0.5036057692307693 0.7548076923076923 0.11778846153846154 0.052884615384615384
2 0.9615384615384616 0.625 0.06129807692307692 0.05048076923076923