2 0.7560096153846154 0.6201923076923077 0.10336538461538461 0.057692307692307696
2 0.6129807692307693 0.6586538461538461 0.08173076923076923 0.038461538461538464
2 0.5192307692307693 0.7067307692307693 0.040865384615384616 0.03365384615384615
2 0.41586538461538464 0.7860576923076923 0.16826923076923078 0.057692307692307696
2 0.23677884615384615 0.7103365384615384 0.22115384615384615 0.0889423076923077
2 0.3786057692307692 0.6442307692307693 0.08653846153846154 0.04567307692307692
2 0.1814903846153846 0.6658653846153846 0.09134615384615384 0.04567307692307692
2 0.3233173076923077 0.5973557692307693 0.11538461538461539 0.06009615384615385
2 0.7992788461538461 0.46153846153846156 0.06971153846153846 0.036057692307692304
2 0.6983173076923077 0.3581730769230769 0.15865384615384615 0.0889423076923077
2 0.7211538461538461 0.27163461538461536 0.11538461538461539 0.08653846153846154
2 0.5024038461538461 0.39903846153846156 0.10336538461538461 0.057692307692307696
2 0.31971153846153844 0.4074519230769231 0.11298076923076923 0.0673076923076923
2 0.4110576923076923 0.5012019230769231 0.11057692307692307 0.06490384615384616
2 0.0733173076923077 0.5480769230769231 0.08173076923076923 0.06009615384615385
2 0.49759615384615385 0.19471153846153846 0.11538461538461539 0.0673076923076923