2 0.45913461538461536 0.6682692307692307 0.12139423076923077 0.06610576923076923
2 0.5997596153846154 0.6730769230769231 0.11298076923076923 0.052884615384615384
2 0.6286057692307693 0.5817307692307693 0.09014423076923077 0.04567307692307692
2 0.3942307692307692 0.5540865384615384 0.12379807692307693 0.038461538461538464
2 0.2848557692307692 0.4723557692307692 0.06850961538461539 0.037259615384615384
2 0.07211538461538461 0.45913461538461536 0.07211538461538461 0.040865384615384616
2 0.040865384615384616 0.38822115384615385 0.06971153846153846 0.030048076923076924
2 0.15504807692307693 0.3473557692307692 0.05889423076923077 0.016826923076923076
2 0.4266826923076923 0.41346153846153844 0.09975961538461539 0.051682692307692304
2 0.6105769230769231 0.44471153846153844 0.08774038461538461 0.03485576923076923
2 0.6730769230769231 0.3557692307692308 0.057692307692307696 0.03485576923076923
2 0.43509615384615385 0.3401442307692308 0.07932692307692307 0.078125
2 0.36778846153846156 0.27524038461538464 0.07692307692307693 0.03245192307692308
2 0.6262019230769231 0.3016826923076923 0.06610576923076923 0.037259615384615384