2 0.34975961538461536 0.4230769230769231 0.05889423076923077 0.078125
2 0.36658653846153844 0.5276442307692307 0.042067307692307696 0.051682692307692304
2 0.3112980769230769 0.7019230769230769 0.06850961538461539 0.09375
2 0.36538461538461536 0.8088942307692307 0.11298076923076923 0.09735576923076923
2 0.49759615384615385 0.7872596153846154 0.06370192307692307 0.09975961538461539
2 0.6778846153846154 0.3112980769230769 0.04807692307692308 0.046875
2 0.6911057692307693 0.40024038461538464 0.055288461538461536 0.05889423076923077
2 0.7319711538461539 0.5120192307692307 0.12620192307692307 0.125
2 0.7331730769230769 0.5997596153846154 0.056490384615384616 0.08653846153846154
2 0.7427884615384616 0.6911057692307693 0.109375 0.07692307692307693
2 0.6262019230769231 0.7439903846153846 0.056490384615384616 0.09014423076923077
2 0.6814903846153846 0.7692307692307693 0.07451923076923077 0.11899038461538461