2 0.6454326923076923 0.41586538461538464 0.0625 0.08173076923076923
2 0.6346153846153846 0.5204326923076923 0.04567307692307692 0.052884615384615384
2 0.6995192307692307 0.6923076923076923 0.07451923076923077 0.09615384615384616
2 0.6502403846153846 0.8016826923076923 0.11778846153846154 0.10336538461538461
2 0.5180288461538461 0.7872596153846154 0.06971153846153846 0.10336538461538461
2 0.3125 0.32091346153846156 0.05048076923076923 0.05048076923076923
2 0.30408653846153844 0.4098557692307692 0.057692307692307696 0.0625
2 0.2692307692307692 0.5240384615384616 0.13221153846153846 0.13221153846153846
2 0.27283653846153844 0.6117788461538461 0.06009615384615385 0.0889423076923077
2 0.26802884615384615 0.703125 0.11298076923076923 0.08173076923076923
2 0.3870192307692308 0.75 0.06009615384615385 0.09375
2 0.3329326923076923 0.7788461538461539 0.08173076923076923 0.12259615384615384