0 0.9423076923076923 0.9375 0.10096153846153846 0.125
0 0.24158653846153846 0.2764423076923077 0.04807692307692308 0.07932692307692307
0 0.28365384615384615 0.19951923076923078 0.06490384615384616 0.07451923076923077
0 0.10216346153846154 0.12740384615384615 0.04326923076923077 0.07932692307692307
0 0.054086538461538464 0.11057692307692307 0.026442307692307692 0.04807692307692308
0 0.46634615384615385 0.08653846153846154 0.040865384615384616 0.07451923076923077
0 0.4951923076923077 0.09014423076923077 0.026442307692307692 0.0673076923076923
0 0.5552884615384616 0.109375 0.028846153846153848 0.057692307692307696
0 0.5949519230769231 0.11658653846153846 0.021634615384615384 0.04807692307692308
0 0.6334134615384616 0.08413461538461539 0.026442307692307692 0.055288461538461536
0 0.6887019230769231 0.039663461538461536 0.019230769230769232 0.057692307692307696
0 0.7896634615384616 0.07091346153846154 0.03365384615384615 0.057692307692307696
0 0.8076923076923077 0.10096153846153846 0.028846153846153848 0.03365384615384615
0 0.7932692307692307 0.13701923076923078 0.03125 0.04326923076923077
0 0.8353365384615384 0.08052884615384616 0.028846153846153848 0.038461538461538464
0 0.6850961538461539 0.28125 0.06490384615384616 0.11298076923076923