0 0.3233173076923077 0.890625 0.04567307692307692 0.0625
0 0.31490384615384615 0.8125 0.057692307692307696 0.08413461538461539
0 0.5 0.8509615384615384 0.04326923076923077 0.06490384615384616
0 0.5600961538461539 0.8485576923076923 0.01201923076923077 0.021634615384615384
0 0.5877403846153846 0.7067307692307693 0.04807692307692308 0.06971153846153846
0 0.6646634615384616 0.6622596153846154 0.06490384615384616 0.10096153846153846
0 0.6009615384615384 0.9038461538461539 0.021634615384615384 0.03365384615384615
0 0.75 0.8762019230769231 0.021634615384615384 0.038461538461538464
0 0.7127403846153846 0.9074519230769231 0.03125 0.036057692307692304
0 0.9026442307692307 0.8473557692307693 0.02403846153846154 0.04326923076923077
0 0.8725961538461539 0.8713942307692307 0.021634615384615384 0.04326923076923077
0 0.17668269230769232 0.9627403846153846 0.021634615384615384 0.03365384615384615
0 0.14543269230769232 0.9699519230769231 0.036057692307692304 0.04807692307692308