0 0.5360576923076923 0.09975961538461539 0.03485576923076923 0.06370192307692307
0 0.7067307692307693 0.19471153846153846 0.046875 0.0889423076923077
0 0.7920673076923077 0.16706730769230768 0.027644230769230768 0.0625
0 0.8894230769230769 0.19591346153846154 0.030048076923076924 0.051682692307692304
0 0.9254807692307693 0.11778846153846154 0.025240384615384616 0.04567307692307692
0 0.9591346153846154 0.12860576923076922 0.03245192307692308 0.04567307692307692
0 0.2247596153846154 0.06009615384615385 0.03125 0.06971153846153846
0 0.08774038461538461 0.0673076923076923 0.025240384615384616 0.07451923076923077
0 0.05048076923076923 0.04326923076923077 0.020432692307692308 0.05048076923076923
0 0.014423076923076924 0.3269230769230769 0.027644230769230768 0.10576923076923077
0 0.7668269230769231 0.27283653846153844 0.03485576923076923 0.04807692307692308