0 0.7536057692307693 0.15504807692307693 0.03485576923076923 0.056490384615384616
0 0.7463942307692307 0.23317307692307693 0.042067307692307696 0.078125
0 0.5733173076923077 0.15625 0.03125 0.05889423076923077
0 0.5132211538461539 0.1466346153846154 0.007211538461538462 0.021634615384615384
0 0.4567307692307692 0.2800480769230769 0.03485576923076923 0.06370192307692307
0 0.37259615384615385 0.30649038461538464 0.04567307692307692 0.09375
0 0.4855769230769231 0.08413461538461539 0.016826923076923076 0.030048076923076924
0 0.33413461538461536 0.08052884615384616 0.014423076923076924 0.036057692307692304
0 0.3762019230769231 0.057692307692307696 0.026442307692307692 0.03125
0 0.1778846153846154 0.07692307692307693 0.016826923076923076 0.040865384615384616
0 0.2127403846153846 0.05889423076923077 0.014423076923076924 0.040865384615384616
0 0.9122596153846154 0.1141826923076923 0.014423076923076924 0.03125
0 0.9447115384615384 0.1141826923076923 0.027644230769230768 0.04326923076923077