0 0.38100961538461536 0.3112980769230769 0.052884615384615384 0.1310096153846154
0 0.47836538461538464 0.29927884615384615 0.03245192307692308 0.08653846153846154
0 0.06370192307692307 0.9206730769230769 0.12620192307692307 0.15745192307692307
0 0.014423076923076924 0.18028846153846154 0.028846153846153848 0.11057692307692307
0 0.5216346153846154 0.09134615384615384 0.027644230769230768 0.06129807692307692
0 0.5877403846153846 0.14182692307692307 0.025240384615384616 0.06370192307692307
0 0.5564903846153846 0.20432692307692307 0.036057692307692304 0.0733173076923077
0 0.5132211538461539 0.2644230769230769 0.030048076923076924 0.06971153846153846
0 0.3076923076923077 0.09254807692307693 0.037259615384615384 0.05889423076923077
0 0.2824519230769231 0.15625 0.030048076923076924 0.040865384615384616
0 0.203125 0.07692307692307693 0.021634615384615384 0.05048076923076923
0 0.2127403846153846 0.10817307692307693 0.025240384615384616 0.056490384615384616
0 0.36899038461538464 0.038461538461538464 0.03125 0.052884615384615384
0 0.49399038461538464 0.08052884615384616 0.016826923076923076 0.030048076923076924
0 0.8942307692307693 0.14423076923076922 0.026442307692307692 0.051682692307692304
0 0.8461538461538461 0.265625 0.03245192307692308 0.052884615384615384
0 0.8004807692307693 0.2247596153846154 0.038461538461538464 0.0625