0 0.18028846153846154 0.7848557692307693 0.04567307692307692 0.0625
0 0.203125 0.7103365384615384 0.057692307692307696 0.08413461538461539
0 0.35697115384615385 0.8209134615384616 0.04326923076923077 0.06490384615384616
0 0.41346153846153844 0.8425480769230769 0.01201923076923077 0.021634615384615384
0 0.4963942307692308 0.7235576923076923 0.04807692307692308 0.06971153846153846
0 0.5841346153846154 0.7163461538461539 0.06490384615384616 0.10096153846153846
0 0.42788461538461536 0.9098557692307693 0.021634615384615384 0.03365384615384615
0 0.5745192307692307 0.9447115384615384 0.021634615384615384 0.038461538461538464
0 0.5288461538461539 0.9579326923076923 0.03125 0.036057692307692304
0 0.7259615384615384 0.9795673076923077 0.02403846153846154 0.040865384615384616
0 0.6887019230769231 0.984375 0.021634615384615384 0.03125
0 0.016826923076923076 0.7920673076923077 0.021634615384615384 0.03365384615384615
0 0.008413461538461538 0.7836538461538461 0.016826923076923076 0.04807692307692308