0 0.25240384615384615 0.8497596153846154 0.036057692307692304 0.057692307692307696
0 0.25841346153846156 0.7716346153846154 0.04326923076923077 0.07932692307692307
0 0.4326923076923077 0.8449519230769231 0.03125 0.06009615384615385
0 0.49278846153846156 0.8533653846153846 0.007211538461538462 0.021634615384615384
0 0.546875 0.71875 0.036057692307692304 0.06490384615384616
0 0.6310096153846154 0.6911057692307693 0.04807692307692308 0.09375
0 0.5216346153846154 0.9158653846153846 0.016826923076923076 0.03125
0 0.6730769230769231 0.9170673076923077 0.014423076923076924 0.036057692307692304
0 0.6310096153846154 0.9399038461538461 0.026442307692307692 0.03125
0 0.8293269230769231 0.9170673076923077 0.016826923076923076 0.040865384615384616
0 0.7944711538461539 0.9362980769230769 0.014423076923076924 0.040865384615384616
0 0.09495192307692307 0.8930288461538461 0.014423076923076924 0.03125
0 0.0625 0.8930288461538461 0.028846153846153848 0.04326923076923077