0 0.4050480769230769 0.2980769230769231 0.0673076923076923 0.13701923076923078
0 0.5024038461538461 0.2980769230769231 0.04326923076923077 0.0889423076923077
0 0.04326923076923077 0.8641826923076923 0.08653846153846154 0.17067307692307693
0 0.056490384615384616 0.12379807692307693 0.04326923076923077 0.11298076923076923
0 0.5709134615384616 0.09735576923076923 0.036057692307692304 0.06490384615384616
0 0.6310096153846154 0.15504807692307693 0.03365384615384615 0.0673076923076923
0 0.5925480769230769 0.21394230769230768 0.04567307692307692 0.07692307692307693
0 0.5420673076923077 0.26802884615384615 0.038461538461538464 0.07211538461538461
0 0.359375 0.07211538461538461 0.04326923076923077 0.0625
0 0.32572115384615385 0.13221153846153846 0.03365384615384615 0.04326923076923077
0 0.25721153846153844 0.04447115384615385 0.026442307692307692 0.052884615384615384
0 0.26322115384615385 0.07572115384615384 0.03125 0.06009615384615385
0 0.4254807692307692 0.026442307692307692 0.038461538461538464 0.052884615384615384
0 0.5456730769230769 0.0829326923076923 0.019230769230769232 0.03125
0 0.9350961538461539 0.19471153846153846 0.03365384615384615 0.055288461538461536
0 0.8725961538461539 0.31009615384615385 0.038461538461538464 0.055288461538461536
0 0.8317307692307693 0.26322115384615385 0.04567307692307692 0.0673076923076923